1000001000000000000000000000000000000000
0000000000000001111000000000000000001000
0010000000100000000000000000000000001000
0010000000100100000000011111100000001000
0010000000100100000000000000000000000000
0000000000000100000000000000111111100000
0000000000000100010000000000000000000000
0011111100000100010000000000000100000000
0000000000000100010000000100000100100000
0010100010000000010000000100000100010000
0000000000000111100000000100000100001000
0011111110000000000000000000000100001000
0010000000000000100001110000000100000000
0010000000000000100001110000000100011000
0011111110000000000000000000000100001000
2000001000000000000000000000000000000000
0000000000000001111000000000000000001000
0010000000100000000000000000000000001000
0010000000100100000000011111100000001000
0010000000100100000000000000000000000000
0000000000000100000000000000111111100000
0000000000000100010000000000000000000000
0011111100000100010000000000000100000000
0000000000000100010000000100000100100000
0010100010000000010000000100000100010000
0000000000000111100000000100000100001000
0011111110000000000000000000000100001000
0010000000000000100001110000000100000000
0010000000000000100001110000000100011000
0011111110000000000000000000000100001000
0000000000000001111000000000000000001000
0010000000100000000000000000000000001000
0010000000100100000000011111100000001000
0000000000111110000000000000000000000000
0000000000000000000000000000000000000000
0010000000100100000000000000000000000000
0000000000000100000000000000111111100000
0000000000000111100000000100000100001000
0011111110000000000000000000000100001000
0000000000000010000000000000000000000000
