1111111111111111111111111111111111111111
0000000000000001111000000000000000001001
0010000000100000000000000000000000001001
0010000000100100000000011111100000001001
0010000000100100000000000000000000000001
0000000000000100000000000000111111100001
0000000000000100010000000000000000000001
0011111100000100010000000000000100000001
1000000000000100010000000100000100100001
1010100010000000010000000100000100010001
1000000000000111100000000100000100001001
1011111110000000000000000000000100001001
1010000000000000100001110000000100000001
1010000000000000100001110000000100011001
1011111110000000000000000000000100001001
2000001000000000000000000000000000000001
1000000000000001111000000000000000001001
1010000000100000000000000000000000001001
1010000000100100000000011111100000001001
1010000000100100000000000000000000000001
1000000000000100000000000000111111100001
1000000000000100010000000000000000000001
1011111100000100010000000000000100000001
1000000000000100010000000100000100100001
1010100010000000010000000100000100010001
1000000000000111100000000100000100001001
1011111110000000000000000000000100001001
1010000000000000100001110000000100000001
1010000000000000100001110000000100011001
1011111110000000000000000000000100001001
1000000000000001111000000000000000001001
1010000000100000000000000000000000001001
1010000000100100000000011111100000001001
1000000000111110000000000000000000000001
1000000000000000000000000000000000000001
1010000000100100000000000000000000000001
1000000000000100000000000000111111100001
1000000000000111100000000100000100001001
1000011111110010111111001000000001000001
0111111111111111111111111111111111111111